25 8703 9979 2791 5205 2036 9171 3778 9033 252 2374 953 2438 3902 5520 6572 706 6341 899 4886 5318 5174 9490 7627 6911 2269
25 6198 7799 3329 168 8348 6076 8610 412 2851 3725 1241 4375 5688 5652 4799 3035 8931 6138 5998 6492 1837 1058 7573 5499 2101
25 9888 8758 7683 4291 9037 2661 2640 659 3997 2034 8958 9664 6310 9905 9758 3388 998 6215 9984 5157 2492 5206 9755 4810 438
25 6663 4842 8967 1928 2747 7673 4177 2155 4589 265 587 8360 9818 5427 1395 5180 1782 910 9694 9936 130 1044 9240 5019 7456
25 7913 211 3230 8943 4779 7586 9673 9356 5730 9759 525 3110 6090 3292 5532 5104 3992 6365 5420 2196 9310 6852 2358 3348 7775
25 3444 734 9503 8835 8133 7883 9127 9900 3843 5610 3154 5320 347 7200 746 8082 1359 4075 2765 7500 9995 7721 3769 8025 8743
25 2061 5716 9595 9586 1580 5539 6537 9262 9836 2907 7262 7819 9447 7675 6328 7332 9339 3140 1961 8824 8954 6847 9478 2970 8502
25 6115 268 9851 2904 9947 607 6512 1745 6163 9370 1960 4582 4430 973 3804 848 2637 7754 5202 1671 2609 9529 1396 75 7121
25 273 1005 2784 5025 9680 8035 7682 1676 8901 8212 9821 8436 7247 5842 3310 7042 5374 8921 8442 4847 2629 5567 1710 4699 7525
25 6916 4618 6851 8410 6710 9180 3729 1711 9839 9835 4412 1586 8770 144 1072 2901 9212 8852 9939 4165 9973 7741 1092 570 5659
25 1776 7064 9459 3870 7483 590 9288 4797 9368 291 1183 4215 5519 3298 8606 5583 1045 3479 3274 1656 3815 2054 8103 5561 813
25 5086 8102 1625 1221 1977 8937 39 536 6619 4092 3788 4581 9149 1127 5316 2138 5795 9351 8603 6479 7402 9980 3087 2526 9322
25 4637 4829 6134 8400 7529 7734 6225 7736 236 4474 914 3327 9215 8327 6376 5253 1076 5909 8048 1654 668 8384 5183 8165 1394
25 5885 5304 1852 9385 1777 7685 8412 1412 6865 2645 7326 619 8525 8305 8287 5781 7158 6914 1210 2664 7623 8215 8014 6899 3742
25 7929 957 2736 9622 6082 2669 2110 4654 299 6506 1038 162 6813 8745 7251 9069 6934 5339 551 857 4515 3853 1383 3357 6308
25 3578 6579 3601 387 1840 7462 6396 2719 5950 4380 4134 7311 4133 4369 8429 154 5476 1950 4819 6610 5342 5129 9877 6628 9125
25 24 7965 2963 8434 6293 1913 6182 4070 2902 6958 6242 5208 2208 8322 5417 8465 969 4480 444 5705 8893 4616 4227 3867 5022
25 117 3149 4437 9890 2338 1627 102 300 5014 7822 4426 6578 9870 6758 5346 5784 5454 8894 1014 7577 6545 2840 3681 6426 3808
25 372 7862 7211 7110 4476 941 4049 3266 9484 7784 9471 7170 9516 8910 4735 8494 7875 3268 7423 2807 4247 7868 9399 4876 3753
25 7401 920 3160 1186 7934 7092 5375 2360 3133 193 7381 1736 6086 8531 6497 7780 5178 5617 18 4987 8866 1020 6890 1771 6120
25 9523 583 5112 7430 2497 9190 4749 6280 2355 826 1583 2977 1905 1229 7360 5765 9206 9243 3702 6470 9334 2185 9448 1519 1420
25 4150 2020 3029 8351 856 1245 1733 9159 6098 1466 1967 8415 7322 2489 820 5821 7461 9841 7266 1078 6517 9346 2515 4563 2239
25 961 55 2520 7574 6550 6446 9158 6346 5279 3584 1774 2850 262 6878 5177 4284 7905 2843 8959 6210 9172 3604 5312 7098 7739
25 1978 5902 661 1276 3906 2140 2171 2234 4204 7520 8528 8196 2803 8000 174 788 9319 7297 7552 904 3223 1137 7025 8687 6043
25 9550 7113 4853 3463 4941 9231 5190 7647 9307 5163 5896 9079 4329 3755 2116 4132 4312 1807 3927 8289 4183 3094 283 5644 7865
25 4058 61 8978 5887 7567 4615 9897 2121 3221 8387 7160 7908 1070 7307 3676 4506 8414 7541 9211 5221 7652 4608 1947 9800 2095
25 9799 3654 3912 4439 5531 2307 1585 9146 3514 4479 9096 5055 8558 6977 2158 4684 7215 6987 5309 6311 548 4632 7327 1854 3941
25 297 1879 1489 3050 8146 4481 9537 7558 7271 484 3267 6042 7760 142 6092 8644 5939 6791 4305 4534 8475 8343 6801 7503 750
25 8840 5402 7117 4349 7690 3270 1281 3609 2246 1387 5943 3878 9969 3385 3889 6828 2474 3559 4156 1364 8409 9565 1459 4746 3174
25 4346 2576 2422 9487 5602 1835 9273 4331 7629 7654 6519 4457 238 812 2010 496 9760 4083 4697 8265 5357 6997 5210 6124 1458
25 2559 4525 2293 3066 7277 5678 1902 9889 9604 1644 7724 8691 9287 5384 3153 1471 5435 8463 9421 8140 4322 2716 586 5959 8532
25 1888 445 1251 9633 7172 3807 9761 2160 7457 9823 2670 6816 7653 4333 2306 1380 7343 2821 3628 163 8710 3846 6005 9359 6041
25 7119 6843 8277 6420 3566 8504 7642 1943 2086 4453 5444 4160 9766 2253 7076 4968 4814 1043 6317 8013 4672 8935 2943 691 2078
25 4214 29 5500 8464 3938 2660 224 2319 7972 3809 1934 3703 1720 3300 2830 9433 6778 564 747 6811 2096 349 3738 3677 4015
25 8204 3667 6159 47 9954 60 3422 6434 8759 2225 418 9726 6874 758 6282 7834 6471 5329 4161 261 8669 235 4739 3730 4542
25 6321 2582 5974 3814 2865 4649 3347 4243 1472 6707 6513 833 7061 2533 9398 2795 1659 420 4975 133 8402 4367 8269 9335 8649
25 3988 187 7347 967 6345 7209 3449 6387 3412 5707 7059 2133 7356 7700 1085 7932 9444 1292 1050 6001 2622 4879 9234 6945 9245
25 9283 8342 8426 1804 3058 4409 3760 6019 2933 2271 8301 9753 1575 2880 6395 4916 6920 8936 4004 897 6191 6483 449 5150 8498
25 6961 3281 7224 8157 7554 9135 3082 7477 3952 3496 2151 512 5639 4081 1225 7880 5047 6918 9545 3478 8451 754 6553 5423 594
25 3103 4742 3773 7446 6984 6825 5287 7466 5301 6353 5558 3376 9618 8393 650 4162 8396 6931 36 1009 694 4939 6736 6238 4837
25 9216 157 8715 9830 6186 9116 3949 952 4696 7569 5317 3438 6675 4051 3800 8144 7051 5052 7545 5900 384 6072 8293 9988 766
25 622 1724 8274 7196 7010 3621 3432 7807 801 3777 5840 3456 4288 4908 107 2608 263 2770 96 4385 8129 9572 2346 2612 3075
25 3693 8587 8892 5541 4658 4171 4006 2812 7112 276 3690 4120 67 851 8966 6104 2348 6114 1107 171 1597 4926 5731 3675 6696
25 2986 1900 5510 6125 6021 9341 8367 2745 629 7576 4282 7006 8261 4569 8336 5633 2131 2114 7008 3042 3984 8331 7087 7701 1842
25 3471 9581 8203 1223 4869 6101 8306 7017 8543 5980 9372 1706 3656 9566 6267 6773 7729 5857 1266 532 6184 8279 6121 6432 7969
25 3555 375 6304 9631 656 146 6814 7387 6344 3673 8918 5042 9278 53 7371 1151 7670 8658 2490 2764 3998 4393 9290 8427 3577
25 580 7877 2523 4863 5566 2754 6270 4356 4249 561 2611 641 4622 8827 2987 5871 6562 8913 1132 6883 7915 1756 9348 9257 4468
25 6456 6277 4184 9874 267 8768 4862 3685 310 1077 6266 4566 9906 464 8701 3671 4388 7321 7676 9324 1486 8775 9662 2107 6331
25 7640 8292 6455 5535 4558 4587 4986 1613 2173 6915 4642 4365 6823 9591 7566 9261 6964 9689 6079 9714 794 3120 9294 9748 2447
25 2912 2869 9495 4502 5158 2041 9068 9070 1790 7142 5000 1821 2259 8641 8870 4662 5657 1701 7090 7943 2089 4420 1159 760 1015
25 8184 7941 7048 8312 2829 5768 6488 6692 972 179 6653 2836 5981 8008 1261 5415 9914 3297 558 5152 2321 2906 9711 7706 7584
25 6228 2009 6875 854 4250 9118 8403 5679 3661 9643 940 5828 2064 443 8137 5125 7049 2882 5619 5797 8004 9548 5462 7622 1962
25 1269 9128 1674 6338 9254 7882 4792 2292 9687 6939 744 2876 7033 4707 4551 2908 3522 9792 8453 4846 9772 9300 3443 352 8984
25 5341 5137 8968 7742 8098 2755 3043 1053 4641 4516 3709 7813 8598 8457 3351 5549 4820 3751 264 388 7966 8672 4102 2397 1694
25 1735 2941 4170 565 3554 7438 4485 292 6172 6757 4496 7077 6996 9318 7447 8592 8032 2070 2287 5874 4127 9978 5209 1437 9418
25 3090 8395 5466 1233 8747 9527 7840 2673 2076 9388 8830 6862 4567 841 3523 2146 1808 6991 4311 3528 2701 5191 2224 2855 6720
25 3025 9901 2335 6255 5240 611 6009 9846 8996 776 1371 4373 3658 7348 6421 4723 3474 437 1594 6444 1881 8450 2804 711 2545
25 7141 7463 7314 6265 7193 2937 5724 5557 3469 4840 8817 8314 6337 4933 8474 370 4988 625 6895 4540 6073 9367 9005 5225 6583
25 1528 4894 3067 655 6842 6034 6584 3784 9265 5701 2675 5076 3450 5556 9708 6651 165 5489 5077 7235 930 7750 9881 274 1607
25 1209 9325 8774 6473 4782 7994 9209 1422 7894 4539 2205 4464 487 9807 4146 7338 8923 3134 6788 2193 946 3943 302 1114 3639
25 3030 8179 4084 615 6340 8116 2045 5160 1008 9015 1504 1761 9080 8252 2965 2496 3581 2005 3727 6693 6959 7459 6055 9456 2018
25 6466 9675 6155 533 98 1529 1026 7961 8117 3226 9008 3942 8320 3009 1916 2839 9408 5697 4688 5229 2599 7279 6190 1035 9530
25 5649 6705 1817 5370 9059 1742 9376 7817 939 3568 8132 5897 1793 2314 852 4292 9437 4140 6659 3782 3258 8757 6439 7450 508
25 3692 7005 4112 498 6563 9130 8272 6393 8661 1889 9201 6928 9443 6285 9168 5494 6527 2548 116 8599 9099 8248 1507 980 8754
25 2008 1833 1030 6409 1503 4887 4319 1948 1336 676 9415 6686 8231 8969 6960 589 2588 4334 7292 3822 1567 3212 4413 6574 7506
25 5245 789 7085 1845 3102 9812 1096 9671 9774 2285 4192 7390 5296 5398 9801 1772 4580 8019 7265 6325 6226 4212 5264 2674 6697
25 6424 7911 4233 3512 5477 7847 5008 5039 8616 7331 9170 8727 3246 8486 2620 9366 8333 1139 6554 8815 5753 3065 7493 5099 4835
25 8559 9449 1201 8298 7066 4937 112 4878 1901 7377 4201 9066 7821 3576 6158 9281 7958 3841 1633 1123 2326 6268 9922 1768 1988
25 549 219 4635 4980 9951 1381 3214 6276 4999 2562 5570 9797 3611 4750 4864 4234 3711 8875 4901 2243 6486 8643 1765 4845 4956
25 7229 8520 1778 83 1031 2768 3897 5618 79 1086 3046 4606 9999 6548 8441 7392 8181 8232 6162 1027 6452 4533 4949 2680 5575
25 5934 5598 7792 3991 3840 1465 7386 1509 379 5692 7904 8200 8472 9007 176 316 7881 5859 5001 6803 1418 9358 73 4239 8497
25 4679 7811 5835 1532 6378 4620 5675 6407 7408 3728 8919 2103 662 9993 2628 1156 4928 3320 8778 8896 4276 12 6367 6565 2145
25 8728 9393 4575 6128 4410 4914 5241 1143 6869 6611 3056 2877 3243 1191 9577 7115 8849 3519 5325 6887 5749 6833 2450 7488 4680
25 2465 3371 4255 1655 3445 376 4756 4353 7592 5268 6171 7285 8291 9531 1732 8899 49 6035 7002 6721 8023 3339 7983 8401 1903
25 8578 8118 1738 4857 9607 9148 25 5231 6761 4808 9123 6750 3643 1112 6699 3431 8183 8583 430 247 8704 7339 500 7893 3714
25 3008 4873 3424 5285 1550 8034 2217 7856 867 3509 9784 4429 8258 7400 3771 9338 4757 6943 9700 2616 2311 1141 7613 286 4251
25 5970 8477 3891 2973 8219 2600 6580 2404 1256 3746 4497 147 30 3963 4893 5172 6600 8092 1969 4778 3929 7981 5053 5467 2789
25 4839 6695 6004 5507 164 2207 7448 8523 2187 4398 2693 7046 3560 9021 1548 8961 8807 1401 2386 1862 4158 2728 862 5788 3264
25 719 6956 2810 1166 5373 958 2563 8680 5490 7607 229 1940 3665 9026 2508 9446 6461 3871 4185 8709 1749 4032 7205 6335 8888
25 606 3855 7585 4011 4258 4524 3911 9986 3111 7441 1382 2325 3529 6464 5095 173 2815 5513 5616 340 7281 3550 3132 8948 7528
25 6031 9620 3970 9357 2206 816 5911 3982 3091 7487 480 725 5845 4203 1341 3408 9536 8141 727 5734 9989 6240 8953 8651 1700
25 8271 8675 4200 5090 7662 6305 6247 355 2729 9732 988 1184 4769 5413 5677 9614 2203 4186 8033 9701 9904 7443 250 7562 6096
25 1066 222 9267 4686 4020 6538 6643 6213 1537 4347 8446 9541 814 829 9222 3179 4519 3734 5434 1855 1551 7770 2569 9413 3900
25 9504 2868 1936 7705 8080 7824 8303 6630 2646 9568 1203 3109 3657 1906 1643 1595 6820 282 189 129 2104 8659 3302 9470 9896
25 5335 541 3976 601 9634 2409 9678 4034 3290 1985 9729 9208 4060 5484 9957 2971 588 1899 6334 2516 827 4271 6219 2068 971
25 1560 3655 3572 7097 7208 8273 9684 7187 3425 5527 3999 6655 1340 3331 8844 5573 9754 5136 2739 8976 3033 8613 7978 3720 9219
25 3817 8962 5890 7465 8856 5371 214 2351 3516 6792 5399 5003 86 3535 20 5323 3969 7393 3552 3511 1974 9088 3441 7786 8855
25 9256 531 9731 6156 8620 8749 1918 5215 6354 7850 1938 948 6 9107 2169 2152 4868 3986 7189 2289 9632 5696 5960 34 7761
25 1273 5161 3202 4226 598 1488 9311 2691 8850 9771 1179 2509 3749 6933 5785 1788 5338 8145 7644 3707 4086 1408 9308 3183 1872
25 7499 423 5480 7886 6490 1457 5200 2792 7660 9493 9024 3672 3372 7783 3896 6227 5901 3252 3503 3373 7608 1392 8081 521 7674
25 741 2015 7686 3414 5409 7940 3123 9739 9258 4721 8929 1254 8480 312 6045 3369 9669 7137 272 5933 1226 1145 1971 985 7923
25 6649 2519 5189 7867 6742 6023 823 1968 254 9474 1832 8763 4053 5761 1760 2775 5895 5258 6994 9117 5203 8805 2698 6142 5058
25 6160 1866 6239 448 2992 2997 8037 2011 3305 9000 3323 3010 3136 1032 4931 6445 2873 6389 9354 9824 7960 5176 3558 1275 4549
25 4882 7952 9556 2440 6749 5815 380 5031 5201 7178 6006 1477 5468 167 8456 7803 937 2100 3218 5114 5451 9115 3085 3095 6817
25 4687 7399 2742 7255 3666 354 1319 6233 7053 8124 4354 8363 6854 7467 5140 2366 9147 2298 3888 9932 7885 6372 9328 5608 3072
25 2432 1664 2074 5699 6141 1365 6672 4113 7542 3285 2400 6617 104 2662 3649 4193 3207 389 4465 576 4802 6385 1409 2887 3235
25 113 3457 4935 7666 5054 7253 2776 7263 9570 7924 6406 9661 4870 2097 4619 2650 8964 2550 5742 5084 8056 9333 9987 3722 5379
25 7070 489 8548 3462 2167 2741 6244 8938 2174 8746 9321 6858 5969 9304 6151 1571 2066 1124 6097 5879 5512 5109 3275 492 684
25 3055 3239 6951 9045 3842 3789 645 646 81 2164 9513 2844 2016 9699 2826 191 9861 9494 1003 9091 3146 7415 923 7403 5870
25 8890 2111 7421 5676 1495 7831 4446 4281 10 8226 8639 4780 3956 9114 6146 928 6494 2150 3977 4801 9786 4922 7414 1857 9734
25 8773 8819 9658 6543 5638 3020 221 9 3688 1547 1965 2274 6209 2618 8120 7472 517 3248 6440 1197 7105 8251 3504 9780 6322
25 9207 5324 9666 1527 9625 6601 7785 3958 3770 709 1109 2053 6793 5884 5118 1554 3837 5496 8275 2632 9653 1280 4274 6590 8577
25 672 8175 892 4299 9464 2077 6313 2291 5116 7301 4209 9378 3981 5975 8941 7982 5244 991 9642 3801 2806 6217 3856 5147 3960
25 9411 9752 873 2388 4787 7898 8545 6679 9740 8847 8069 1704 3978 5876 3744 9034 2023 574 2165 5623 3679 6660 7782 968 7771
25 5235 8406 874 7086 9042 5107 6026 9833 6902 8638 6898 4543 4460 8201 4304 5775 4199 5521 4378 335 8078 8678 7283 9730 1098
25 4644 9477 1685 397 4734 4279 322 2590 5903 6644 3683 5691 3600 3718 8833 959 3118 6007 4653 4022 3877 8946 1915 1946 3254
25 9409 6039 1328 909 4852 3908 7336 9551 3964 251 2322 5173 9426 3660 5308 9086 9430 4295 7075 7992 5057 3587 6702 5635 894
25 2944 6110 6200 1491 8421 8737 4278 1376 6016 6665 9764 7449 5938 4783 797 490 495 3491 6687 5905 5758 1679 5482 1262 8253
25 3629 1305 4467 9284 6140 9139 8549 8047 5891 5164 7699 9301 9377 4811 8416 4382 4917 6423 7765 6995 6207 7310 9420 405 1882
25 677 2720 5710 6012 3885 6119 8595 5853 4400 2556 2241 7791 1065 470 2466 5946 8663 2098 8156 8178 5673 3859 1074 5869 436
25 6724 8670 5607 6661 3484 652 1158 6250 1093 231 5288 404 3593 1680 2367 5984 6595 8471 1545 7149 9611 7655 9672 5852 5798
25 5497 88 1588 1206 3542 66 8652 8164 121 402 3 3052 4395 8392 9081 8706 5680 9585 2773 3289 5524 3854 7551 4501 638
25 6670 4788 2230 8338 7323 9949 2385 6484 1598 7384 1555 7713 8624 7362 884 8423 7269 2467 6624 7407 9110 1786 2380 8455 8842
25 5440 2316 7428 1640 9795 415 8259 1325 7516 4651 4947 50 8241 6388 3933 7688 2886 7057 472 5386 5807 8625 1641 4715 2177
25 9670 9291 6168 3717 2825 6886 5642 8695 369 5062 5715 9384 7047 6154 6166 8635 8834 868 3787 5294 686 872 9674 996 6275
25 563 7837 6179 3031 8470 7351 195 7299 6626 8514 8707 4408 7814 749 6559 4499 2627 6448 108 3171 807 8732 5908 9150 1258
25 9003 4855 200 199 6352 4659 6272 1553 7315 9962 2395 3731 6165 5862 1750 7056 3464 5224 1579 8527 9667 821 1981 2510 7394
25 8420 4601 5517 5626 3915 6402 7665 4063 106 7659 9152 7273 8889 8002 2022 38 5580 5661 7533 2709 9160 223 8666 9580 8820
25 7657 3564 8447 3875 3740 5495 6893 2453 1117 6157 8881 4222 9253 4556 3983 4731 307 2862 6063 7587 1976 5481 5836 4240 8398
25 8708 4435 8370 2896 6000 5069 7134 5526 4302 7594 3341 2813 9023 2387 395 1514 4547 4969 7917 5198 912 6631 1764 5479 7316
25 3321 5728 6738 2572 2002 4434 2013 7722 2312 7625 3631 7223 2685 463 7354 6709 8738 6443 2451 618 4724 5311 3175 9275 2864
25 9847 7109 8151 454 8383 2947 6175 9802 7919 289 4976 7410 6111 1669 3598 5219 1167 2800 5893 9230 2584 5565 4655 7946 8947
25 2883 5381 2975 1326 6425 3054 9375 9858 244 408 8247 339 1091 9058 9676 4729 56 8985 9558 9703 4918 3890 5505 3820 2381
25 9913 9289 9561 7793 9534 9727 184 1611 7306 5126 3280 1419 9971 455 6049 710 3155 3633 3139 7997 2534 6017 4038 3045 6957
25 5445 3696 6932 1871 5117 748 5261 5081 8267 4269 9440 9120 9940 1823 9776 8874 7374 4037 9931 6343 5478 1629 3233 2785 2700
25 4078 6913 3024 8536 2235 4035 1169 8413 6201 4489 3747 3244 2672 2342 5096 4315 7151 556 406 7986 1042 4263 9967 1521 4889
25 9121 3142 1828 1505 87 2188 7740 3028 1327 3562 6326 2658 9416 6358 8657 6608 7095 2186 8972 4168 1589 1687 8150 9856 9073
25 6263 1353 9412 2132 6503 3038 3636 6132 6188 9950 1464 8933 6249 2454 1344 8108 9641 4487 5411 673 6075 9455 2604 1116 6700
25 6815 4758 7355 1051 2713 6047 9682 2733 4452 2226 504 5641 6621 4364 778 3380 4169 1708 9878 9582 3590 3573 3466 6286 7470
25 3307 713 7768 3200 846 5656 9576 9475 5170 7515 2893 5389 8544 9533 8679 9555 360 321 3689 205 1036 8717 1622 5525 7304
25 303 7040 3291 9151 6223 4290 5763 7578 9270 466 7836 9507 4951 4562 9916 8278 5634 4771 1569 3959 8904 1174 7832 3392 6962
25 1335 5406 6053 9382 9512 7922 1369 2665 2753 6297 8960 8563 3767 3198 995 1452 7212 3195 7126 1621 4108 8634 664 2631 6022
25 2917 2695 1363 326 665 761 7364 4607 4503 1979 3606 3494 859 5416 9892 8012 8114 5348 4176 7016 7766 6909 6122 1648 8764
25 8878 4657 3493 4371 3735 4167 4096 6982 6829 1187 5412 8836 13 6152 8862 9692 4955 6256 2244 3930 424 9178 4638 9156 6301
25 2176 4831 110 7225 4444 1128 1731 9569 938 1257 2752 9599 8645 7667 5508 1202 6897 3145 6306 8268 1596 2415 207 2189 2232
25 9619 3743 4194 9628 4973 2060 127 3904 4871 8345 278 9269 2334 6214 1213 7138 8044 9379 7977 6364 2251 7778 6241 8983 5154
25 6767 6403 1023 4427 5924 562 2998 325 465 2684 4074 5940 8408 1562 8077 3574 2898 540 4106 6974 3548 8925 9432 1717 4992
25 1993 4377 9636 5757 1963 881 3940 3098 9133 1930 3847 2231 3926 416 3882 6108 8797 690 1439 2959 6197 5733 1542 4747 8627
25 1315 6952 3779 4080 7174 8191 674 2867 2557 5992 4970 3813 2555 5546 860 31 1456 1247 1006 8632 3178 40 6844 9198 8390
25 7429 2581 4461 9825 6262 7157 8411 9004 5029 9941 2127 803 9552 1104 2925 7107 8186 1224 6477 8083 1576 8234 4932 4776 5587
25 2278 5860 1869 9252 7609 356 217 3662 1347 6872 4791 5737 8106 785 7795 5185 4994 3763 8049 3448 7968 227 999 1578 6998
25 1563 2323 7342 2921 9056 3595 2099 796 7182 8877 731 59 8993 2586 1060 452 714 3231 126 8752 2676 6254 2153 9644 1814
25 7936 266 4007 5576 4623 2359 6561 7550 3131 7452 8696 8371 9553 4091 3152 9374 1663 8365 8307 6768 3088 3748 9315 6808 7290
25 6783 3607 1697 2425 5352 9065 4541 4965 2037 3201 8166 9442 8526 7022 3219 1467 5791 4451 9635 6060 6850 9063 8159 7953 5704
25 8509 4059 4624 4830 2663 2781 7068 880 2546 8920 3659 903 4671 2625 9336 7154 9958 2410 1885 599 8230 7568 6232 4422 5926
25 3167 2774 2511 9702 9524 6380 7679 4248 5470 2721 3361 1238 2853 7100 8507 1052 6585 4579 3737 5806 1612 2565 2445 7125 9173
25 769 1135 5595 1895 5560 8468 3645 6664 7601 9535 9047 1322 4983 5883 723 1539 4124 523 5456 7166 7522 545 8911 685 2939
25 6633 4495 8786 4207 596 330 2900 3315 5630 5353 2129 1727 1485 1049 7495 6287 6218 8385 7733 7244 7081 5097 9221 1337 5165
25 2327 8518 3989 3830 3119 2180 1352 7933 9101 4498 538 1307 4000 9959 192 5151 7458 5127 5590 1454 8065 2125 2337 7806 5270
25 2247 1794 277 5621 8059 3057 7191 2648 9479 1850 8565 7695 1661 8418 7214 579 2087 4592 1370 7144 9028 6627 3538 6351 1894
25 610 5192 6206 3411 2934 922 1331 6871 1182 2343 1428 5243 7099 7258 7797 5726 8053 4510 4741 7907 8689 7527 7439 5257 43
25 6412 1040 6804 9640 7884 753 3364 8038 3186 8811 6318 917 1270 7989 7412 188 3400 994 7649 1682 1989 6743 4625 6571 8857
25 2135 5769 7546 4875 4029 5187 3477 6336 553 2439 4660 9239 3337 3944 5075 6032 9277 194 8246 4631 1389 279 8281 1190 8339
25 700 4586 3362 2082 2633 7999 213 1025 2820 1360 555 8386 9010 8286 3284 3097 2048 954 5397 2679 9597 338 6460 9161 1544
25 3442 5971 3461 839 5668 7034 4913 9655 1779 6921 7004 1714 5220 4262 275 1498 3937 7491 6020 5130 7409 2667 927 795 745
25 1543 9514 206 6711 1723 3051 4366 9044 2372 2689 7951 9259 7758 9573 8027 8861 2237 6594 9237 1566 5168 5658 9361 9794 8481
25 4066 585 9274 1986 9743 8575 529 3345 1453 7118 382 9462 8822 7855 399 2028 2761 5927 4504 4995 7183 3335 9623 7132 8880
25 6901 9020 368 6391 8492 8143 28 8914 1442 8089 5760 2964 8957 8724 3481 2579 2568 1268 2858 8050 9343 8818 2985 8315 105
25 3156 4143 6208 1260 1873 7692 7276 1864 1561 6064 9816 4442 7974 1083 4609 9145 468 5533 1055 7147 9933 2427 1246 8197 6552
25 2384 4529 5826 919 7597 8508 3093 3586 8054 8789 6556 7489 2027 8647 7970 3994 632 6342 9817 3776 1388 3501 2236 9719 1753
25 7468 2872 3835 7888 3623 7176 5293 4538 3185 1285 1691 5961 392 1825 3874 5199 359 6084 3135 2264 681 8100 5873 1277 9790
25 2429 9679 2957 1904 2967 9738 5422 4966 6805 3326 4384 5632 8799 3967 8755 4188 5271 3342 3497 9745 4530 4197 1766 5578 7872
25 4984 7088 2147 5663 3663 7912 6971 5844 6566 4340 1999 1707 7 7621 4337 4332 2814 799 4114 7083 9383 5589 4433 1624 5101
25 6418 7957 7804 5963 344 6549 8235 6349 4568 9022 4241 362 2488 9736 9340 1638 3040 2414 358 866 6641 7549 8580 5064 9943
25 1515 1815 9011 8554 8682 2654 9082 8646 3447 2354 4678 3084 5812 6546 1841 5953 5063 8808 2498 577 5473 5611 4897 1308 2772
25 1992 7227 9309 5811 5848 8171 8540 7588 9919 1812 6640 2525 2940 1673 7143 6830 3797 5072 3387 9616 3706 6127 1444 7605 6681
25 7928 4307 6741 718 9314 5674 7548 704 7762 7903 6683 9225 9629 9966 4793 7610 7422 3913 6835 6046 3705 7844 9593 8801 5392
25 6965 9626 7406 8088 9057 7801 3486 2300 557 4777 1440 1171 9176 1887 4383 5973 4047 7074 3383 2268 3698 7218 7918 4559 2822
25 3410 7013 3704 5488 324 5242 4310 8607 4883 3724 3313 4216 764 7571 6938 9778 398 7476 2801 5365 3626 9141 3695 9285 1591
25 6807 9084 7779 462 3314 4221 9355 8076 3013 4946 3884 4763 16 3863 4277 3241 5249 3279 8377 716 1348 8869 5612 7124 5683
25 2418 3634 6936 8454 58 7069 2055 1410 2983 8994 7926 9502 7818 978 1582 2909 7073 1536 2961 8373 8975 3515 609 1047 4784
25 8640 3580 5369 9926 4115 4372 2209 9364 8542 2052 9103 9162 3525 2890 6723 7859 9608 1088 3733 7518 717 6682 1615 8793 2863
25 6269 9976 3910 2216 2639 1647 7479 4355 6904 6605 5139 8361 6027 9049 9499 9241 5865 9770 5625 226 5004 2956 3465 4789 701
25 5222 9563 4910 1200 2916 2464 1263 9842 8300 7873 1603 4264 7944 2242 2142 9603 5774 6291 6489 1602 7825 6860 4809 9271 4443
25 2531 2949 965 5732 6454 4024 2033 2652 9639 8326 6008 3955 158 1216 828 8113 3712 8097 5452 1699 4952 8496 2757 2396 1423
25 8329 8564 245 2537 4520 5655 7201 6935 9197 1665 9656 1115 9990 5571 4675 5408 6129 4532 3974 3014 1448 7302 6036 858 1818
25 3708 7197 4634 8871 8064 4663 5882 9522 2953 7827 1367 4759 7001 9876 505 6185 4972 1320 3309 4014 44 2365 763 138 4180
25 1105 5917 6896 649 7830 4718 8242 2991 6370 2750 5624 810 9960 5714 8122 2468 3163 8026 361 3624 1041 863 2615 2204 5106
25 1228 6044 6192 6922 507 8955 2732 5298 8895 5364 3399 5738 4818 7139 703 7313 5805 2587 4220 2708 8756 3925 6963 3862 7618
25 837 1757 9965 2031 3594 8173 3181 1330 2874 1810 9983 8693 7328 4573 7257 5708 8550 239 9169 2457 4219 1653 7418 963 4737
25 554 5424 5006 435 6316 8368 5584 6618 9263 8804 7643 6684 7091 9337 5851 5802 573 2945 7744 5551 906 2743 3332 5509 2636
25 6900 6822 3188 135 4028 3879 9737 4958 9186 6153 8488 845 1393 3850 486 3836 637 3670 6264 5391 1028 4323 6907 7748 510
25 5693 6189 3092 7102 9819 5043 9505 3765 5026 515 8297 7658 246 8130 6441 7058 9295 7014 3023 9693 8776 9547 9185 8771 970
25 84 7861 6296 9815 5303 1496 6216 6698 8780 8007 3316 6459 6763 8221 8900 4303 3304 1931 7723 1781 9783 6081 6715 8585 2405
25 6780 4008 457 4153 6903 2178 1762 1152 4256 74 8051 1101 7502 5475 2263 5331 4462 3189 600 6993 752 2923 7720 1048 3627
25 6706 3869 2198 1994 6764 3112 1079 4344 6422 461 7366 216 3237 3353 6315 5918 6468 1728 8712 8168 5035 5529 6030 9480 7416
25 8698 9707 5377 2112 8079 3468 1937 1639 4358 257 1007 8714 5972 630 6685 2413 759 353 5672 2256 5281 7089 3012 3561 3295
25 7956 1867 9316 4246 1755 1106 2919 7041 6784 4989 4314 9848 9488 7023 6028 1482 317 6465 6260 861 9051 4670 2960 4131 1868
25 5343 1097 209 3816 6575 8071 5964 7896 6795 9326 9472 2441 6859 333 7945 3018 2521 6379 804 8182 7954 6882 947 1293 597
25 8086 4094 9469 1843 9002 3338 7901 2797 4773 9994 7707 5128 2514 9525 7539 5248 7565 7714 2276 3919 1469 8015 6442 5613 4617
25 3697 8731 4661 6058 172 4318 4643 2930 990 7745 2362 9526 2846 2 8571 3741 4042 3027 8349 8127 7469 6014 1920 1767 3121
25 48 6529 8573 7557 4613 7732 396 1299 3547 1296 6509 5916 7589 4967 1403 8735 327 5059 5614 3211 5460 1212 2003 5262 8388
25 3168 9305 493 318 1797 3701 9710 1189 3122 3173 9894 2832 5297 7485 8684 6986 3417 2065 8539 5931 5725 6726 5430 5040 1861
25 7188 4309 7638 975 1430 2551 5124 5861 4068 7570 7773 8821 7167 9218 9441 9615 145 4261 9519 9509 6324 7935 7967 9205 5833
25 4090 5300 5049 7602 8192 9039 336 7559 7145 2703 8601 2221 6303 6221 8683 8596 5530 9014 1497 6713 9143 427 2811 835 243
25 4877 2507 1002 1912 8072 1914 3630 2688 337 2168 8095 6576 1923 2117 149 9266 3391 5354 8662 3507 1374 4834 5149 1859 6511
25 6139 5299 442 8991 4940 1667 2304 6744 2655 5418 7756 5544 7165 8119 9489 9921 738 3086 9718 3597 964 4211 3360 4708 8311
25 477 6694 7927 780 3398 7203 9964 544 2108 4456 3536 7839 3299 1375 5110 6528 8608 7826 6373 4905 8519 2542 4054 8495 2012
25 696 9313 4196 4088 208 3370 3190 4664 6094 9167 4985 7417 5195 3684 9124 6701 9296 679 675 1951 3798 1157 8673 3106 4766
25 8787 3253 4794 7876 2651 1222 8665 4744 5782 6363 5166 9422 2816 2483 4095 2081 5269 2606 8211 6894 9188 6532 371 3803 7067
25 4379 6252 7987 2535 6604 1068 3526 6599 5555 9280 5718 4057 4338 4683 6408 8381 6881 6257 9332 9517 9264 5455 6401 2547 5904
25 3647 9403 8930 7747 6100 4934 9668 5647 639 4173 1983 7887 4425 6088 3899 5134 0 2759 4677 447 2083 2524 885 4424 7324
25 8630 203 7003 5886 9750 3686 7431 3402 7111 6500 783 5534 139 3641 2403 4270 7018 9855 2540 4025 4944 9782 9389 6988 6530
25 7849 1138 6756 6069 4411 1851 3318 3934 2870 9223 8541 8980 3723 2845 4492 5898 6230 4325 7031 215 9518 878 2042 784 5542
25 7561 6912 1259 2057 3340 836 3961 1623 2638 6892 1552 341 1522 5372 5337 5360 6235 7774 6145 3498 4417 8623 3002 9998 6501
25 7318 2571 7372 4826 4245 3433 1349 1746 5087 509 4224 1702 1450 2996 1164 9598 9893 5752 2014 2046 4418 4363 8628 8897 160
25 8965 3044 5284 1789 4431 5252 1391 5702 1425 1570 1573 3386 1196 4389 8810 1533 1310 2837 4513 9386 4838 2532 8942 4950 5820
25 568 9187 8224 3602 1601 4139 4593 7595 1620 4714 2370 7843 5548 7536 5277 2201 7426 7432 6620 8460 2715 4273 983 1354 1334
25 7716 6205 4345 1730 1927 1173 1619 6944 7537 2353 8740 2819 3971 9163 9704 5429 2407 3851 6925 6394 5302 8513 230 9445 6405
25 4475 2920 1142 4807 8681 908 377 2758 9997 3678 5925 6603 2461 2493 3642 1996 2988 8288 6118 5735 4890 220 7259 9590 7600
25 9820 7475 9806 4733 5719 8445 4123 1441 9381 9089 4317 4785 8622 4725 6905 5681 8656 4174 7802 6797 8152 8917 3041 6067 6038
25 2313 5018 8902 3083 7152 633 4595 8560 8266 1368 1534 2990 1309 4438 3954 228 2879 8617 1312 9317 3177 7453 458 4689 5367
25 8557 7270 1747 7195 7032 4166 5403 3545 3037 1398 2905 7906 4553 9244 6253 3500 2047 4512 4505 5594 620 432 819 3881 6447
25 6662 2356 9559 7243 7434 572 907 5994 2602 1875 4043 534 7543 2257 3864 314 1377 818 9136 1193 4440 2924 5345 9468 7294
25 1113 4098 3368 6942 1792 9497 3169 9652 9826 3824 1082 3664 7632 7678 932 3953 4041 7749 6839 1483 7842 2978 366 7921 9344
25 8189 3527 608 3544 6771 2799 4786 1415 7221 1061 4977 3126 2238 8375 2659 4796 8319 2299 3791 6810 3650 9885 7708 9362 2191
25 4948 4836 4213 2192 7866 4033 2340 8438 4336 1385 269 5196 4155 702 7123 6288 9417 9945 5273 7914 3780 7735 7482 3715 8443
25 3333 1178 5356 7712 1317 4265 3437 8907 9578 9217 1490 8648 4069 1150 5999 8433 6362 1858 2668 9917 5066 793 5078 65 383
25 394 6002 8462 2056 4396 8194 85 2434 7043 5713 5045 9228 7900 2332 6116 3521 2687 7598 5997 4181 635 5822 962 1265 5689
25 3236 8310 9627 8823 3783 9199 7019 7282 9496 9789 8225 8431 1743 1446 3832 4923 4151 132 6592 4230 3520 1898 790 3064 3794
25 2297 6374 7691 3592 8177 7635 6667 4719 5703 2136 1234 2656 5547 3687 1657 4752 9827 4676 2347 5133 1094 4924 2699 331 4045
25 3918 4071 2401 95 2787 2981 1631 3839 7764 3269 8986 1011 9723 446 7480 3272 3887 5767 8858 7192 6873 9955 1283 7852 7656
25 1492 6689 8574 9349 1461 6085 8325 5645 6668 4574 8572 898 2092 8237 9899 9567 4441 9773 5736 9648 8569 8105 4036 8867 3653
25 7140 9140 2118 2399 6498 233 4301 5894 9747 1826 3620 4361 7368 4755 7860 7389 2619 7519 9247 1069 2935 4458 2847 4669 1161
25 9733 6381 1970 8285 3680 986 8642 115 6746 8788 4996 2032 1769 9683 5385 6416 7012 2085 6929 5020 5010 7878 550 9909 1751
25 3049 3549 530 4666 381 6969 5660 9564 9912 9592 4330 6281 4565 1632 4500 9391 7136 8091 6087 4374 3113 4611 8916 1288 3182
25 3546 6831 5282 2717 5913 9077 365 7065 1770 798 9606 1303 7702 1677 6211 5740 6481 1926 2834 1907 5085 1964 1608 9085 1147
25 6656 5868 2626 1399 5115 7526 6183 6950 5653 3328 5720 9380 1329 7072 3204 6606 3293 5094 5843 7103 1165 7696 8501 1287 2888
25 7435 5717 3354 935 2570 1910 1346 2875 8366 9716 2936 8944 6732 1759 2564 5978 4040 6453 2182 4962 2294 966 1839 1057 8686
25 2603 474 9845 9927 298 4145 4103 6330 3077 4963 4077 3389 1559 8334 7854 8576 9991 1144 1379 5153 8650 6949 7619 6666 9098
25 1883 768 9813 69 5620 832 9134 9394 4528 4463 2683 8430 181 258 2349 9095 1982 670 5922 7106 4762 815 578 9233 3893
25 1414 311 1355 6657 5907 8553 8 7146 1297 1217 8374 8676 2980 3543 6777 1696 7848 8952 8845 2398 7790 631 9791 8618 4646
25 3249 519 9255 8915 3615 6652 4021 9177 8860 3669 9720 6806 4899 7788 8347 4650 7511 410 8313 3781 94 7863 7538 7800 879
25 8290 6654 4867 8816 8093 7759 4027 3774 2402 3905 8802 3858 3764 2215 9583 6236 1650 680 1064 4588 8031 8299 4210 1799 8567
25 6502 4494 4164 1518 6703 1046 6639 1942 5074 6059 433 6975 5729 8439 6557 8794 6731 7079 8074 8838 893 6535 7261 2705 9879
25 4208 6607 5983 9715 2624 197 2598 6635 2463 8828 2391 1219 9350 4859 280 809 886 6772 7767 4144 3346 256 8057 3141 23
25 190 8950 9282 7572 8791 5291 853 1443 5910 2938 5092 1342 8121 6646 4483 2284 5778 2595 8218 4844 7164 1016 3256 453 566
25 2424 6541 409 7236 4376 8236 8876 5866 178 459 7727 4473 9709 6414 2494 2303 8356 1149 3213 7474 6178 2090 9850 6347 4904
25 4536 2735 3510 6220 2577 3721 6251 8028 304 9092 1017 520 5643 345 8046 7509 5368 2502 9238 8217 2517 6821 8779 125 503
25 7186 6361 1524 5347 9164 5428 1294 9165 403 97 2272 543 3487 9111 5605 9174 7473 1220 5283 5932 8391 2124 8063 8590 2889
25 8262 2828 9320 6475 3936 2371 426 140 663 5667 2211 7772 3286 5841 6070 6722 771 5289 6734 2623 6973 7718 6292 287 2194
25 1637 4056 7631 9485 5351 241 9138 6719 3418 425 342 9155 3973 850 2328 8781 4313 3922 5239 8318 2073 5706 7890 9838 3499
25 1170 5027 3317 419 2245 7534 4555 7746 4089 6319 3962 1945 9204 3096 8716 5599 695 8372 3796 2724 8389 2265 4722 1136 4044
25 8227 569 712 6521 7641 2273 682 2277 6516 148 451 2859 7521 6065 5098 7395 2891 1990 456 9883 1214 3980 4370 6613 1449
25 8029 2589 2681 3105 830 6647 5553 9521 3003 9371 1972 2922 3619 2503 2500 8552 6674 2279 7385 9461 621 2808 5276 5023 5142
25 7810 2324 4833 439 1272 1693 5766 2126 64 5100 4477 1944 7009 2148 7897 605 9036 8142 6514 3812 5421 8295 4900 9397 2091
25 7114 1332 9602 9105 849 4764 141 1846 715 6515 6845 805 1510 7769 6099 2818 6411 1954 5979 6725 6323 916 4685 9236 2141
25 8158 9698 7248 9705 3453 9392 1250 843 9837 5486 7962 2420 8422 7093 3229 7204 7634 2301 4478 7179 4237 9076 9193 3823 7220
25 9405 1227 1177 6718 1729 1557 9647 6589 2240 9226 196 3625 9175 3144 6144 3407 8195 5563 5819 1831 9054 800 469 2252 4328
25 7325 1163 1405 9500 2472 9260 7950 3080 6080 4903 1318 522 3569 8765 7617 9875 4518 5823 2505 4584 5825 441 8220 1713 915
25 7293 5881 7379 4285 895 7916 1475 9303 1897 17 7820 7504 8202 4596 6946 4231 5232 6181 626 170 2962 1029 1118 6169 4557
25 6404 9046 7373 9575 5234 1884 1324 8245 6602 7206 8394 4517 9330 5048 5993 2449 7199 5863 5849 4293 3914 4469 4823 5945 6499
25 7711 7455 4154 6029 2352 8546 4105 1431 4898 6314 6229 460 3151 6435 8216 9369 1722 7869 3599 1306 5122 1300 7027 5582 6714
25 9166 2166 1959 1830 7380 6222 7305 5804 5597 4001 6690 7045 5461 1847 4490 4716 2283 1525 9854 9762 2861 1338 9019 2378 1896
25 6485 6794 5425 8521 9345 9419 4709 1168 7794 6591 3390 7131 9860 5465 2122 822 1917 8579 7007 1739 7317 5921 319 4964 9510
25 3826 1407 8328 4482 3539 1290 1958 5082 5108 9048 6520 7985 234 5834 7437 8922 6333 2692 294 9788 9122 6787 4730 8846 5188
25 3575 1194 9012 9579 9844 2910 9006 4591 1253 2553 4142 5146 4732 4982 9196 431 4320 3071 9189 1089 8533 592 1716 7260 5685
25 7398 7709 8784 4048 7680 8906 5568 2282 6109 5121 5305 1095 6258 4790 8163 1535 3081 1538 9953 1636 8006 8700 3644 2734 3344
25 8932 2296 1121 8868 4205 475 5695 5622 5915 4406 6495 2433 3506 6040 351 488 7391 2134 2805 285 5872 8887 3772 3157 6147
25 3147 9681 643 1692 6848 7547 3968 1298 4603 7593 2318 1952 9268 1966 3719 2597 2456 1748 8767 1291 7216 6433 740 8407 1478
25 5387 8489 8832 2382 2181 6638 552 3451 8990 7501 7672 8729 8357 6010 3322 913 8538 1805 2408 3805 9055 4135 5640 6496 3785
25 9649 5218 4848 4064 7668 8854 3775 5457 5260 8444 7809 3180 6052 707 976 5067 722 6760 9299 3591 5407 1834 1957 3610 7925
25 19 8213 4421 4228 6392 8609 708 2706 2377 7805 1922 4172 4909 8337 7478 6463 1087 3423 2630 7181 7308 875 9785 6888 7564
25 109 7864 3490 4003 5779 5228 8951 2394 175 4046 9908 473 8473 9235 346 3367 6384 6167 78 1062 636 6491 8010 1933 8777
25 658 5615 3947 4404 5593 5690 137 5032 8992 2389 1432 6688 4179 7530 2554 5988 6507 2222 3935 6612 7101 7396 6431 8908 1162
25 3148 3409 481 1252 6173 6480 7971 692 4906 4902 7976 3873 2183 7835 5515 4610 4242 8138 3107 4252 5723 5469 9605 8255 3916
25 7891 817 5089 951 7382 225 2954 4866 4892 3436 7440 3159 6174 2895 9404 6673 1991 7120 6093 7980 391 840 2004 4253 721
25 3579 3005 6410 2305 3036 4806 2105 1311 9539 3429 7857 1980 9706 4454 1672 7295 882 7664 6614 5637 7937 926 71 2214 3158
25 8024 5858 2782 5777 8795 9610 8190 5021 1695 9352 5878 7955 6368 9637 4535 9811 2827 2460 6866 202 4627 9554 2543 5912 1271
25 7471 3245 6307 1997 1102 6048 5837 3393 7812 2025 2309 4698 4681 8354 5038 1849 6979 329 5666 9329 8223 7242 9713 1188 2344
25 2942 1512 1564 4920 313 7663 3482 3099 2766 8926 518 2777 6937 1235 8479 2976 8487 7991 2926 1019 9584 535 1426 5327 7060
25 5875 8458 5540 2783 3583 2927 3759 8214 1844 6458 3985 1237 1740 3845 5065 1314 2195 3271 5965 2443 1199 293 5600 3374 1180
25 7287 1447 4815 3199 1863 6261 660 6597 3909 8125 8428 6415 242 654 7858 9857 8837 1282 2421 5388 9588 5514 9828 7219 4993
25 8020 5227 8040 6413 6526 9538 871 7693 5709 3308 6625 3234 5741 9093 3048 5928 4189 4521 4695 9532 393 7177 6671 4526 6861
25 7230 1838 1218 7580 9018 7246 1487 1181 4117 6775 6609 3262 6802 2617 4548 4743 4861 2914 5977 5439 2897 8229 9031 8505 37
25 2536 7687 2455 1111 4602 2751 7599 9725 3419 7895 7300 648 8206 8308 9227 9434 8233 3694 2749 237 1427 7892 1877 7833 9946
25 5572 3540 2657 5212 9872 671 2585 3062 8798 2479 3277 4621 6637 5319 5776 5044 7026 2329 8997 9638 7591 9587 3296 6680 4614
25 9090 1384 2495 4225 8940 1474 8719 9126 4668 1829 1606 8482 5458 2130 8350 3143 891 9027 3682 5537 3355 1775 1523 334 4254
25 4781 8783 825 3795 5012 4544 2473 3513 3524 4828 5569 7383 8005 2968 1802 6212 2390 7352 5326 7496 1809 8001 8591 3946 2280
25 5237 666 3531 1067 5376 4891 6759 1758 6917 5141 4564 1056 3053 9043 1501 1185 1998 4449 774 1172 4415 367 2067 5800 6782
25 1438 3294 364 4772 42 3059 603 2854 5432 4728 1195 4522 5790 3618 4804 6837 7523 8928 4342 3162 9427 929 259 8161 8061
25 6135 1323 502 210 3565 2480 4099 3648 7334 6779 6298 4191 4402 7055 111 8879 1230 7084 1278 6919 7753 4824 8748 4979 3827
25 9473 8711 1239 7513 4628 4055 4093 5956 6790 4187 7378 2001 847 9203 7606 4736 8135 2756 5504 3691 1506 2197 4674 1110 260
25 7180 567 9543 9804 4953 5091 8185 2190 6796 7603 5966 136 5449 6976 8096 5197 2849 5002 6781 45 7363 8153 8674 5773 3563
25 3651 5727 697 3614 808 5442 8284 8170 5574 4682 6992 7963 182 2219 7996 5265 1378 471 6102 5846 2419 3920 651 4280 786
25 1406 9402 7648 3739 4141 5453 7988 5380 613 5132 3019 4010 944 2592 6819 7161 5292 6940 7743 72 8720 9663 4640 1059 9982
25 3257 6745 2686 3435 4119 6386 8826 7755 7645 4190 3397 3061 1205 5013 5207 3250 6348 3892 4073 9053 1153 2932 8909 8067 2541
25 9852 8149 9109 3022 5503 6196 9481 5123 4667 6708 11 1140 811 9131 4061 54 8003 5989 3716 612 4195 575 6518 9612 5794
25 3138 7612 1208 8843 1339 8397 2137 4327 4701 1919 6355 1513 2760 4768 2071 3336 743 3034 9829 1480 624 7037 1345 6204 9756
25 5213 7948 2120 5138 1791 4350 3588 5492 5772 5131 4925 6397 1279 5552 2179 5493 6015 3754 4545 5759 7274 4023 4448 4136 6863
25 4885 8302 6003 5711 2333 6399 883 8814 3377 7939 6948 8971 773 1546 3750 6577 7419 8516 9849 9880 3421 9910 8017 2210 5306
25 2357 3197 3403 1949 1386 4854 9276 8806 2702 2796 3356 77 5068 7616 7815 1798 9898 791 7228 4911 6727 6476 667 4259 9688
25 1630 7020 1995 9549 476 6616 5362 9589 8690 616 844 3206 1935 688 134 6586 1925 6955 2560 4486 7358 9272 1481 2258 3452
25 6493 1784 730 9297 8796 100 5050 4326 5914 9843 4626 8478 7979 14 4390 3589 7080 1108 1763 3996 2063 1590 9859 3831 7367
25 9406 7156 5771 9925 6629 2892 7330 6972 2528 7376 7153 9102 5793 3965 4554 5591 943 4700 2084 8148 1848 9724 3228 4974 1154
25 6658 2233 3475 640 3319 9457 7239 3278 4978 7871 9119 653 2707 3766 3886 1683 4858 5459 9938 2458 5665 2476 1155 2958 1688
25 2123 2738 9944 9104 2442 559 2771 3205 2972 2513 5801 1932 9312 3301 9777 6011 5251 6534 2951 8199 918 5056 2361 1211 1531
25 5113 7993 1010 5957 3616 657 5982 9476 3225 3635 5986 6588 4100 3187 2330 6177 5559 2950 6472 6889 5604 2948 8099 9660 3699
25 5991 1668 4578 3060 4577 3488 9867 4079 8884 5944 4459 6540 5498 6551 7902 7233 62 2682 2446 6469 120 4491 123 9887 2345
25 4428 3276 5996 1628 2982 5263 7636 4872 9928 9075 9741 5155 232 877 905 6143 7071 9016 2634 6983 180 1737 2072 1824 6400
25 7846 7198 3129 4107 5511 4645 5437 9810 1516 2913 5333 8084 9528 9061 9396 6598 9808 8600 4163 2487 581 3312 6947 4571 9793
25 8323 9935 9744 5756 3026 5830 5564 9106 1709 9428 7556 8045 9501 9891 4691 6676 4865 5538 5669 9435 8534 539 1366 8011 8677
25 1689 1605 3821 3191 2731 9832 767 993 4244 1924 7560 1827 1816 7639 6074 5889 6906 4030 4348 1080 3007 7024 9630 6428 7959
25 1192 2955 6025 2462 6309 3063 8982 6113 2115 5780 4052 6868 5272 4447 2049 3282 5280 4851 1581 3394 8733 1741 4812 440 2989
25 9996 8484 9030 2856 5650 4585 7245 8228 159 9975 9248 3476 255 9331 8584 2763 8537 2266 5011 8987 4296 6926 1034 4308 26
25 2538 4387 8198 306 99 623 1148 3860 343 1558 8417 5585 1404 3446 4726 9298 547 9560 9765 524 9229 8239 742 8813 6419
25 9463 6150 7249 977 7628 2984 3895 4821 122 8009 1502 9961 1397 8180 1600 9775 9646 9506 1892 2019 5947 8535 911 936 2162
25 9985 7108 7370 6769 5102 9400 5985 2163 2021 3931 5361 5577 728 1493 9013 584 7719 8873 6770 9934 901 889 8257 3363 3844
25 5654 726 6765 802 1634 8530 7256 1721 3505 5670 7507 9651 5754 3089 1520 7481 3898 6051 5179 6908 68 2725 1819 9722 5255
25 2026 3358 3736 2469 4294 4324 103 3652 7789 9596 7583 7624 4005 8452 7460 2030 7173 6766 4147 9292 824 7486 2139 9717 6289
25 6558 1609 5214 6645 7710 6357 772 2288 3238 6853 9937 7990 5250 1000 1744 4321 5103 8988 8222 8250 6712 1796 6130 5186 4436
25 7028 3596 3426 5712 5783 6024 4930 3439 2156 1470 1012 5958 7365 5522 4748 6632 4600 1801 6573 8249 6737 7133 5 6320 5694
25 4706 5808 9286 9696 2000 3732 8671 8761 156 7697 8160 4272 2308 4961 7845 4275 900 2310 8087 2544 6103 3006 6187 4817 9220
25 8848 6329 332 956 378 8529 5426 9992 6203 434 3495 1666 6427 955 5159 4895 5471 5543 9425 2647 2842 8511 1468 114 124
25 9191 4583 3381 7490 689 8725 9224 9886 1610 8924 4484 9390 7524 5682 6970 4391 7021 5093 2471 736 737 2762 5162 7582 1463
25 2006 739 212 5816 4656 2059 8882 1494 2220 2275 7630 1289 3517 7038 1242 1549 2946 6273 82 7909 2678 3303 5687 4560 253
25 9052 7889 1955 7874 8989 161 617 7730 9458 2075 4111 8547 7651 3101 4097 5181 8912 1021 5817 5446 9918 5464 8859 9853 2481
25 2838 6849 4630 3632 9871 9410 348 2128 2477 2769 1075 3078 3483 8886 8934 4002 7035 1642 3021 8432 6050 80 288 1133 5015
25 1984 1024 150 2261 9450 8188 6089 5603 2393 320 22 8294 7752 3713 9803 305 1204 7050 6033 8863 3427 7155 6105 6678 1876
25 699 9864 1240 3220 5366 2790 4981 7626 8359 5518 51 7039 8282 5436 5390 9249 1836 6568 1063 705 1451 2475 6800 7054 2459
25 8736 9347 3068 1 4137 5751 6809 2527 3434 987 2809 9213 1125 4152 1434 1284 7359 7995 9094 296 9183 1698 4825 7044 4116
25 7320 3990 4109 950 1460 7284 9017 6531 6417 1617 9486 8134 5474 6170 9594 7751 934 4997 4751 8500 2484 8362 1658 5443 9814
25 3951 1860 8254 9353 9511 3232 7162 5579 4236 3079 683 6846 6504 185 4827 7841 7776 4129 3637 7340 8090 7998 3806 3810 1286
25 4511 5359 7975 4405 4957 5601 2817 4971 7222 2051 8437 2552 478 1413 3901 8240 2170 8043 6083 6841 6824 3828 5930 7128 7938
25 3758 1803 9132 8945 4472 4942 155 8734 6867 8355 7369 838 5254 7291 9040 8891 2229 3287 3428 6981 6776 1361 4235 8561 9903
25 5332 6927 921 7604 6106 6231 2478 6131 9323 1540 7694 2767 6569 4018 1813 8131 2793 4647 5942 6754 3473 2798 5803 8977 593
25 8435 1372 4717 8694 8111 7544 4998 9129 8726 6748 5233 1176 7168 9873 8296 3570 3726 4217 4206 1719 6677 8705 3950 6390 5937
25 8713 5491 9869 4016 5627 992 6989 9035 6544 1411 7052 7240 118 5401 4339 7910 8883 9924 8499 2610 5395 4936 8853 2621 4945
25 1090 3640 1054 989 6615 4990 9972 1160 698 8903 5968 3330 5450 6753 3848 3192 3819 491 5051 7964 546 6522 8380 2383 7505
25 3849 8425 128 290 6729 5628 8176 775 177 8667 21 1130 3551 1358 7851 2744 7728 6195 5722 3945 1645 3975 9050 9302 7532
25 1530 2714 6536 57 4704 1215 6716 4884 2281 1911 9767 7130 363 7838 8358 2392 7427 6148 526 8036 1584 2043 1373 6923 4738
25 8021 4260 5562 3165 4159 1424 2213 2644 6990 5330 407 5290 5700 5839 5545 3069 8582 4067 6510 7397 6704 5919 2522 9431 4019
25 2436 6123 8207 4705 6966 5344 91 5764 3556 3127 6799 4368 9142 3761 6382 8611 6193 8602 669 8162 5631 1357 4960 7620 5485
25 3311 2512 4761 984 4938 7232 8742 2320 7508 779 6375 1670 9453 7159 429 7681 373 756 2262 3485 5314 3756 6691 374 2929
25 2106 8055 720 35 7190 2591 8022 4257 6751 4118 7250 1207 9113 8865 1131 1129 7726 5747 479 6299 2712 8769 93 2993 1350
25 2143 5948 2718 1811 5266 5079 5787 3792 3172 5230 9677 4386 5472 6482 981 2594 1301 6371 6525 9650 7217 3489 1893 4306 386
25 9768 864 2539 3605 9712 1146 4991 4508 8174 8332 6271 8154 3324 2007 5441 301 5646 9293 4198 8981 3957 9542 9970 4121 5786
25 4414 1651 4665 8614 4493 5036 6062 7078 8692 4359 6077 4954 925 1956 8753 865 5880 1909 450 7611 27 8782 4287 7853 6095
25 328 1013 4720 3108 7464 4710 855 8522 33 6136 2704 240 2486 2302 3001 5949 6137 8405 3872 9025 1941 7029 1703 4298 5419
25 499 3325 8970 6596 1037 8751 3745 1473 8424 8210 2643 5148 2157 5770 2260 8193 1255 7404 678 2884 1417 3306 2506 3868 4394
25 7210 2641 8448 2518 506 4403 6066 6237 52 2607 1800 9250 6332 8697 6564 8364 602 8404 1705 732 5073 5310 3612 249 5175
25 3208 1593 5829 6634 8085 1686 5382 3829 6642 2341 7510 9865 7514 2574 9067 1295 8939 6350 5648 5995 7350 6339 2824 1248 4122
25 4959 4693 1313 3193 5792 4062 8760 6728 2315 9929 1249 9365 4774 762 8654 4929 7823 3164 2317 385 5061 4919 8905 7207 9112
25 5990 5358 5307 7337 6356 942 1880 7671 7341 1690 6234 1429 5144 5315 8841 8741 6180 2109 3352 9195 2159 9038 2411 7703 5483
25 842 9920 5748 9613 6523 5135 2802 1660 6864 3222 9194 3379 4397 5363 1039 5447 3128 4445 1618 6555 949 5217 6112 888 2339
25 6752 7116 1908 7226 7579 4017 8101 9624 6622 6149 9515 6980 9373 591 9942 2093 9866 6978 6071 733 4423 7148 3613 6429 1878
25 2928 7129 6360 3375 3502 3993 2613 7777 4798 9822 9001 6730 3150 3553 787 931 642 7213 8208 2094 6717 6533 8898 5236 1400
25 5818 7553 3603 6567 6739 6648 1232 8094 4636 4087 90 5350 2499 8604 1526 644 3638 9600 3130 4381 5739 4316 7454 1433 5340
25 7677 6199 3833 7870 5662 8353 8998 7614 9072 4767 4765 9907 1445 9154 4531 3401 6290 2286 357 6789 4362 8304 3472 8469 1890
25 1773 7512 248 5955 8187 2119 6570 560 9809 5809 2561 3242 8280 2918 3247 6018 2376 7596 4740 4009 3995 6623 5755 7296 9621
25 8376 6735 482 497 3420 4652 3194 5951 6910 8974 9083 6224 2255 960 5750 2161 2833 3567 9721 6467 4341 3404 3273 411 8800
25 7357 8699 5636 9757 2470 3215 9923 2406 6999 2737 1626 7252 2039 9360 5813 3359 1604 7345 8283 6885 7920 2835 1752 5193 8483
25 6786 5743 2690 5892 2635 9202 7816 8493 1715 5929 9902 9423 1975 1754 4760 5171 2794 6832 9439 1891 4881 8570 1780 9868 2878
25 1874 7737 7492 2482 595 8018 9438 4550 8136 2218 9460 7581 7194 7413 8485 1499 4727 1071 4856 4612 7763 5550 527 9884 4832
25 5034 6884 4673 5182 8128 6274 2578 8506 8109 3924 3115 1402 9697 4289 4104 2050 4392 4813 7163 2017 9032 3571 2530 1726 4860
25 1421 7575 5119 3440 3861 101 5936 6057 2175 8790 4283 5789 5070 8070 5506 2270 8256 2295 869 614 8612 8340 1785 2885 2580
25 8586 8459 8803 9657 9492 7535 7171 2866 9840 5204 9387 8718 6870 9968 4267 9834 5404 6248 5629 5275 5431 7420 8317 6968 3768
25 4455 4546 6879 777 5664 183 7272 4238 4178 5145 8685 8352 4149 70 8594 9796 7286 4907 8062 3000 9424 5810 9601 9060 7238
25 4352 8382 3585 483 2952 5088 2558 6838 3039 9498 6733 9686 4182 2223 390 7757 3903 2567 2722 501 89 4128 5111 9930 5438
25 2748 3608 4031 3752 2740 6855 3217 1103 5037 8341 1865 1304 5501 2723 3203 1853 8872 5976 7036 6462 8041 2024 7540 3137 3533
25 3170 2079 5920 2573 9454 5855 7731 1134 3260 6243 6826 1783 7661 6449 8205 6359 9279 5071 8605 9436 8825 4471 5867 5313 1479
25 1635 4537 2605 9251 9407 4407 634 4572 7689 2379 9184 2786 1614 1001 2848 5586 8956 186 3251 4803 5028 2614 3700 8812 2778
25 2426 7451 6450 417 9182 9429 4713 7309 4594 2931 6891 974 2894 765 2363 6508 4416 2583 9977 4915 6478 9508 2172 8619 8581
25 3459 400 7000 5686 7442 422 5952 8597 1725 9911 6953 7781 414 8060 8927 9895 2727 3015 3416 5581 7829 8107 4175 7361 2575
25 5698 7704 9078 1508 7698 5267 7096 5838 8324 8378 6593 350 8621 8270 6542 9009 2549 1577 6954 5256 7669 8316 308 2202 3209
25 3384 5393 8440 782 3116 8112 7684 4822 1362 7349 421 9214 8660 3883 4841 4360 153 5105 3582 8668 8744 2029 131 9108 6054
25 166 627 2881 4703 1175 2653 1886 2044 5400 6279 7275 9157 1073 7646 2102 7254 4576 6383 4466 8115 5536 5854 3161 8016 6636
25 6377 7231 6312 693 7590 3467 270 2529 8503 7424 7011 3032 1929 4268 1678 3710 4039 2149 5832 5016 6834 8147 9540 151 9200
25 5746 8209 5516 6430 4297 4880 1565 7278 7169 3790 724 4770 3939 7930 1556 9520 1236 7335 1435 201 4125 7268 2779 5877 5259
25 513 902 3557 4050 8772 6078 2368 5967 8491 5247 3508 6037 5321 7947 8722 5606 7185 1351 1081 3016 7094 8172 8068 1476 8512
25 1973 9071 9948 2966 6880 7353 870 4110 8066 4509 204 4488 3987 1939 8556 6284 9695 4711 467 5033 3288 2038 1652 8636 4157
25 6164 6877 8588 5888 8155 2852 4130 6582 8551 3011 3674 9665 7973 3834 6369 5246 1356 6840 4432 1712 6505 2350 8829 5226 5850
25 5487 9452 3786 9562 2999 8785 9742 3530 485 5394 3894 2144 4694 2485 1856 2428 8702 1120 7436 7433 3224 6161 5336 3811 6056
25 5060 271 9144 119 9751 3802 494 5405 5684 8688 9571 2903 8399 4598 1122 3932 3265 7899 1119 5827 2911 8169 4754 2249 2113
25 9685 9137 5017 7444 5216 9863 6755 604 6487 834 4633 9690 9781 4927 3518 831 3259 3948 9956 3415 15 7062 1126 7828 8999
25 2642 2788 3017 1500 6398 92 9763 2435 3349 9831 295 8851 6827 8276 5463 8039 4012 3074 4085 3617 5030 6539 9659 3646 2248
25 3865 6457 41 3972 9179 8167 9242 5238 8631 9574 924 4805 997 9181 7942 571 8515 9451 8123 5796 5899 4753 3406 2452 9749
25 8739 8449 284 8637 8995 6133 8555 3793 8510 8126 4590 4912 4745 4148 6302 401 5923 3480 4702 3928 7796 1822 3413 4351 3470
25 9691 8792 933 3114 3818 7445 1820 2841 4800 5523 6366 887 6560 5223 7127 7717 4126 8490 4561 5194 2596 1333 1921 8562 5651
25 3176 8104 3263 6474 7494 6967 2979 542 6857 5143 2994 8476 5383 7517 4527 8655 2069 3343 6294 6061 8949 9153 528 3076 6278
25 2711 6747 6245 6856 4101 2831 8030 3227 1004 2444 5184 2254 7738 1243 3100 5609 2430 5334 7303 6295 2040 4399 8568 3283 1987
25 7329 7104 2649 3966 982 5433 7135 6013 2184 3534 6798 4076 3365 8633 6107 8139 2227 6283 4943 8243 3907 7931 2746 4896 3757
25 5856 2899 6836 7312 6438 4639 9645 9952 1436 5009 8864 8721 7615 5080 687 2369 1018 1274 4795 7333 3210 9465 1675 7715 5278
25 6924 1734 2780 4202 152 6762 3124 7344 7150 4921 1592 7298 8335 8730 9798 4266 2501 6176 1084 4514 5502 2364 5528 2416 4286
25 3334 9246 5554 8653 1684 9617 4605 9062 8244 4138 3825 9363 9787 9609 2154 2710 7280 4874 5987 7237 2423 3460 5007 7015 7879
25 9401 3196 2566 9769 32 8379 5169 876 5847 1264 6581 4419 4401 6876 4 8517 8466 1616 1953 5396 7241 1099 5349 5962 9779
25 2915 945 1267 8419 3537 3366 2857 3261 5824 7949 2504 537 6117 4849 4816 5414 3876 8238 2697 3255 8461 1343 2417 3454 3184
25 9087 4648 9805 8766 8831 751 896 7425 7633 514 979 4690 5083 5167 1572 4026 8885 5588 1390 9210 7555 2058 3395 2437 1649
25 6669 8629 8346 2212 2088 781 3166 8321 8589 729 4570 9915 4692 76 8264 4232 2336 806 143 4712 1795 198 4218 7267 8263
25 8979 9544 7637 511 4450 169 46 1511 4552 8664 6587 5864 3979 7063 7175 7264 3240 7484 1599 9097 6091 5322 6650 3405 7388
25 6068 8566 3073 9735 9100 8973 7984 890 4470 8593 1806 8839 9414 413 2080 7184 3378 1870 4775 5745 4599 5762 2995 5448 7202
25 9974 7319 4507 3921 9064 9981 7411 4300 3622 6930 1568 2694 2062 9395 647 6259 3492 770 5592 4888 1231 1022 2974 9963 218
25 9306 3104 428 9483 9342 1462 5831 1662 3923 3838 1718 3458 3125 9467 8626 1484 7498 4082 2491 5596 5410 2871 2375 4850 7234
25 6740 7346 2290 9074 6437 3070 3799 4843 6774 9862 5286 3350 5814 6941 2431 757 3857 9491 4343 4357 2267 1681 281 2969 6246
25 5954 5744 6327 6818 2250 3117 8809 2601 5005 7405 5906 8052 1244 6194 2228 755 8260 2200 2823 5046 3917 3216 516 5378 3382
25 8073 5721 6202 9654 8042 8615 7808 5211 7650 6812 2666 8762 3762 7289 4013 3880 8075 6300 4335 3004 1787 9327 9192 1033 4072
25 315 3430 5120 7787 8110 2696 9232 7122 2448 1416 2199 1455 8524 5355 6451 628 8750 4597 2412 8344 7798 2726 5041 5024 1198
25 5295 4223 3866 9557 6985 5799 9546 3532 2035 9482 8963 9029 1316 7030 1574 8723 5935 7563 735 2671 9728 3455 5274 6436 6785
25 6547 7082 3541 5156 4065 9882 582 7497 1321 5328 1517 9746 8369 2730 2677 1646 7725 7531 4229 3852 3668 309 8467 792 2331
25 3396 1100 8309 4629 3047 1587 9466 8058 1541 4523 63 9041 323 2593 7375 7288 2860 1302 4604 8330 5941 5671 6524 6126 2373
